0 0 0
0 0 0
0 0 0
0 0 0
0 0 0
0 0 0
0 0 0
0 0 0
0 0 0
0 0 0
0 0 0
0 0 0
0 0 0
0 0 0
0 0 0
0 0 0
0 0 0
0 0 0
0 0 0
0 0 0
0 0 0
0 0 0
0 0 0
0 0 0
0 0 0
0 0 0
0 0 0
0 0 0
0 0 0
0 0 0
0 0 0
0 0 0
0 0 0
0 0 0
0 0 0
0 0 0
0 0 0
0 0 0
0 0 0
0 0 0
0 0 0
0 0 0
0 0 0
0 0 0
0 0 0
0 0 0
0 0 0
0 0 0
0 0 0
0 0 0
0 0 0
0 0 0
0 0 0
0 0 0
0 0 0
0 0 0
0 0 0
0 0 0
0 0 0
0 0 0
0 0 0
0 0 0
0 0 0
0 0 0
0 0 0
0 0 0
0 0 0
0 0 0
0 0 0
0 0 0
0 0 0
0 0 0
0 0 0
0 0 0
0 0 0
0 0 0
0 0 0
0 0 0
0 0 0
0 0 0
0 0 0
0 0 0
0 0 0
0 0 0
0 0 0
0 0 0
0 0 0
0 0 0
0 0 0
0 0 0
0 0 0
0 0 0
0 0 0
0 0 0
0 0 0
0 0 0
0 0 0
0 0 0
0 0 0
0 0 0
0 0 0
0 0 0
0 0 0
0 0 0
0 0 0
0 0 0
0 0 0
0 0 0
0 0 0
0 0 0
0 0 0
0 0 0
0 0 0
0 0 0
0 0 0
0 0 0
0 0 0
0 0 0
0 0 0
0 0 0
0 0 0
0 0 0
0 0 0
0 0 0
0 0 0
0 0 0
0 0 0
0 0 0
0 0 0
0 0 0
0 0 0
0 0 0
0 0 0
0 0 0
0 0 0
0 0 0
0 0 0
0 0 0
0 0 0
0 0 0
0 0 0
0 0 0
0 0 0
0 0 0
0 0 0
0 0 0
0 0 0
0 0 0
0 0 0
0 0 0
0 0 0
0 0 0
0 0 0
0 0 0
1047581956 1012899523 37090921
0 0 0
0 0 0
0 0 0
0 0 0
490424 1129876 92004
501438 1119592 91274
0 0 0
0 0 0
505157 1121983 85164
516083 1111786 84435
0 0 0
0 0 0
519698 1114198 78408
530536 1104088 77680
1047581956 1012899523 37090921
0 0 0
534075 1106521 71708
544825 1096498 70981
0 0 0
0 0 0
993804 2280275 150529
1015770 2259656 149182
0 0 0
0 0 0
1014727 2264964 144917
1036619 2244519 143470
0 0 0
0 0 0
1036230 2256639 131739
1058034 2236281 130293
0 0 0
0 0 0
1058521 2247523 118564
1098049 2245094 1793769
0 0 0
0 0 0
1517932 3427765 191215
1550937 3396826 189149
0 0 0
0 0 0
1538587 3419008 179317
1571606 3388156 177150
0 0 0
0 0 0
1559670 3417388 159854
1592689 3386536 157687
0 0 0
0 0 0
1599263 3432912 1817041
1614440 3384248 138224
0 0 0
0 0 0
1515030 3430899 190983
1619587 3333075 184250
0 0 0
0 0 0
1535771 3422241 178900
1639389 3324987 172536
0 0 0
0 0 0
1556856 3420720 159336
1659542 3323949 153421
0 0 0
0 0 0
1578568 3418516 139828
1680307 3322243 134362
0 0 0
1346769 281597 83938
2389708 2564877 182327
2486783 2472744 177385
816793 835924 59587
762725 886182 63397
1811787 3168697 156428
1914251 3071379 151282
828394 829395 54515
775214 879149 57941
1830923 3167829 138160
1932984 3070509 133419
839846 822974 49484
787539 872224 52541
1850668 3166293 119951
1952236 3069061 115615
2186855 1109614 128139
788120 877295 46889
2658628 2307892 170392
2754525 2216193 166194
1585952 1736161 102495
1515044 1804445 105119
2054992 2943840 138080
2157002 2845677 134233
1609526 1723031 92051
1539511 1790811 94286
2079142 2936812 120958
2181187 2838249 117476
2118475 2844633 173804
2030990 2929986 175936
2570196 4082701 196319
2687798 3969183 192235
2974864 2006658 155390
2888546 2091018 157348
1558195 1793318 73095
2915705 2066652 154555
2371924 2640336 124652
2284303 2726259 126350
2284303 2726259 126350
2317442 2695914 123556
2395645 2632151 109116
2307802 2718578 110532
2307802 2718578 110532
2340843 2688318 107751
2915183 3748936 185097
2809222 3853530 186464
2809222 3853530 186464
2929239 3741915 178062
2927283 2053433 156196
2875688 2104080 157144
2875688 2104080 157144
1562214 1790420 71974
2329964 2681947 125001
2277300 2733653 125959
2277300 2733653 125959
2366413 2650211 120288
2353467 2674351 109094
2300815 2726057 110040
2300815 2726057 110040
2388986 2643161 104765
2371293 2672133 93486
2318641 2723839 94432
2318641 2723839 94432
2405968 2641419 89525
2403455 2601997 131460
2314013 2686799 136100
2314013 2686799 136100
2401524 2604033 131355
1568037 1795361 61210
2894170 2110899 131843
2894170 2110899 131843
2977395 2032054 127463
2427434 2604796 104682
2340823 2687398 108691
2340823 2687398 108691
2428508 2603707 104697
2444313 2603012 89587
2358576 2685110 93226
2358576 2685110 93226
2445847 2601509 89556
2421766 2583286 131860
2336132 2665443 135337
2336132 2665443 135337
2423592 2581592 131728
3002698 2005914 128300
1572229 1791477 60902
2916839 2088668 131405
2999116 2009726 128070
2428969 2602144 105799
2341214 2687151 108547
2341214 2687151 108547
2429279 2602152 105481
2957267 3716272 175677
2852414 3818348 178454
2852414 3818348 178454
2956092 3718602 174522
2418123 2584687 134102
2330823 2669698 136391
2330823 2669698 136391
2363867 2640038 133007
2997780 2008686 130446
2911485 2092954 132473
1566875 1795763 61970
2939156 2068664 129092
2423457 2605595 107860
2335774 2691520 109618
2335774 2691520 109618
2369043 2661634 106235
2963800 3708513 176903
2857814 3812605 178797
2857814 3812605 178797
2977105 3702031 170080
2376977 2625290 134645
2323634 2677092 136186
2323634 2677092 136186
2412652 2594335 129925
2950902 2055474 130536
2898798 2106029 132085
2898798 2106029 132085
1571213 1792928 60467
2381756 2647580 107576
2328498 2699288 109126
2328498 2699288 109126
2415090 2618329 103493
2405742 2639301 91869
2352496 2691009 93407
2352496 2691009 93407
2438145 2610611 88156
2442836 2568697 125379
2353772 2652997 130143
2353772 2652997 130143
2439530 2572253 125129
2444053 2578588 114271
2356920 2661192 118800
2356920 2661192 118800
2443796 2578977 114139
1585800 1788737 50071
2924615 2103766 108531
2924615 2103766 108531
3007200 2025480 104232
2477259 2571578 88075
2392781 2652074 92057
2392781 2652074 92057
2479376 2569393 88143
2460535 2550880 125497
2376241 2631435 129236
2376241 2631435 129236
2462941 2548504 125467
2464467 2557603 114842
2378782 2639910 118220
2378782 2639910 118220
2465694 2556496 114722
3032544 1999200 105168
1589695 1784768 50145
2947268 2081450 108194
3029335 2002606 104971
3000007 3681512 167697
2894728 3783590 170898
2894728 3783590 170898
2997757 3684778 166681
2457975 2551098 127839
2371015 2635607 130290
2371015 2635607 130290
2403937 2606406 126569
2460623 2559192 117097
2373511 2644113 119288
2373511 2644113 119288
2406455 2614890 115567
3028097 2001468 107347
2941911 2085736 109265
1584338 1789054 51216
2969820 2061544 105548
3005897 3674259 169060
2900126 3777849 171241
2900126 3777849 171241
3018474 3668231 162511
2417425 2591282 128205
2363740 2643086 130086
2363740 2643086 130086
2451792 2561249 123871
2419736 2600169 117007
2366133 2651881 118898
2366133 2651881 118898
2452400 2571585 112927
2981754 2048269 106889
2929311 2098824 108777
2929311 2098824 108777
1588805 1786304 49499
2433779 2612530 90603
2380179 2664240 92493
2380179 2664240 92493
2464077 2585779 87056
2482044 2535505 119363
2393567 2619303 124042
2393567 2619303 124042
2477423 2540581 118908
2482972 2545396 108544
2396427 2627498 112987
2396427 2627498 112987
2481410 2547305 108197
2492937 2546146 97829
2408161 2626644 102107
2408161 2626644 102107
2493897 2545349 97666
1604168 1781337 39103
2954481 2095857 86574
2954481 2095857 86574
3036196 2018220 82496
2499194 2518582 119136
2416386 2597535 122991
2416386 2597535 122991
2502214 2515524 119174
2502844 2525305 108763
2418639 2606010 112263
2418639 2606010 112263
2504679 2523516 108717
2514969 2523474 98469
2430004 2605279 101629
2430004 2605279 101629
2516234 2522324 98354
3595727 3098306 155183
2123773 2901452 111687
3493013 3197625 158578
3590249 3104706 154261
2492004 2523174 121734
2404927 2607685 124300
2404927 2607685 124300
2437657 2578858 120397
2500111 2525711 111090
2413451 2610130 113331
2413451 2610130 113331
2446105 2581366 109441
2511624 2524559 100729
2424730 2609482 102700
2424730 2609482 102700
2457384 2580718 98810
3602622 3089957 156637
3498406 3191888 158922
2129166 2895715 112031
3610611 3088185 150420
2451437 2563443 122032
2397566 2615249 124097
2397566 2615249 124097
2484597 2534247 118068
2459764 2566269 110879
2405987 2617983 112942
2405987 2617983 112942
2491134 2538607 107171
2470856 2565910 100146
2417079 2617624 102209
2417079 2617624 102209
2500499 2539811 96602
3011877 2040273 84762
2959263 2090828 86821
2959263 2090828 86821
1607061 1778904 38643
2503768 2519838 113306
2415481 2603666 117765
2415481 2603666 117765
2497784 2526531 112597
2510721 2523668 102523
2424369 2605800 106743
2424369 2605800 106743
2507707 2527279 101926
2520401 2524418 92093
2435815 2604946 96151
2435815 2604946 96151
2519915 2525323 91674
2531136 2524392 81384
2448266 2603316 85330
2448266 2603316 85330
2533029 2522681 81202
1600244 1753827 70537
2960972 2067932 108008
2960972 2067932 108008
3042217 1990540 104155
2532230 2502707 101975
2449558 2581858 105496
2449558 2581858 105496
2535070 2499866 101976
2544075 2500876 91961
2460635 2581127 95150
2460635 2581127 95150
2546337 2498674 91901
3078162 3631080 139974
2975684 3730003 143529
2975684 3730003 143529
3077449 3632539 139228
3058931 1971815 106166
1594758 1757886 71964
2974548 2053624 108740
3002494 2029637 104781
2527667 2505093 104152
2440820 2589654 106438
2440820 2589654 106438
2473657 2560778 102477
2544639 2498384 93889
2458127 2582945 95840
2458127 2582945 95840
2490866 2554154 91892
3089159 3618842 141215
2984045 3721569 143602
2984045 3721569 143602
3102600 3610953 135663
3020394 2010109 106409
2967447 2060924 108541
1587657 1765186 71765
3049879 1984205 102828
2487730 2545278 103904
2433619 2597241 106052
2433619 2597241 106052
2519143 2517196 100573
2504838 2538858 93216
2450739 2590821 95352
2450739 2590821 95352
2534441 2512424 90047
2516665 2537708 82539
2462566 2589671 84675
2462566 2589671 84675
2544579 2512852 79481
3050331 1988544 98037
2961641 2073108 102163
2961641 2073108 102163
1599030 1761524 64054
2520875 2520137 95900
2432853 2604245 99814
2432853 2604245 99814
2514949 2526932 95031
2536580 2514826 85506
2450327 2597330 89255
2450327 2597330 89255
2533095 2519000 84817
2547033 2514800 75079
2462490 2595700 78722
2462490 2595700 78722
2545930 2516358 74624
2511100 2524535 101277
2428382 2603681 104849
2428382 2603681 104849
2513203 2522676 101033
1611668 1753935 59005
2973277 2075689 87946
2973277 2075689 87946
3054565 1997920 84427
2547510 2504314 85088
2465067 2583588 88257
2465067 2583588 88257
2550550 2501291 85071
3087705 3627100 134411
2986256 3725003 137957
2986256 3725003 137957
3087817 3627794 133605
2515143 2518757 103012
2430732 2600602 105578
2430732 2600602 105578
2463715 2571603 101594
3060952 1989409 86551
1595606 1768406 60596
2976396 2071698 88818
3004588 2047498 84826
2532860 2516703 87349
2445840 2601744 89328
2445840 2601744 89328
2478851 2572727 85334
3089240 3624273 135703
2984228 3726933 138055
2984228 3726933 138055
3102590 3616758 129868
2477856 2555853 103203
2423865 2607666 105381
2423865 2607666 105381
2512421 2524486 100005
3022256 2028396 86260
2969429 2079049 88434
1588639 1775757 60212
3051404 2002231 83277
2492680 2557581 86651
2438689 2609382 88841
2438689 2609382 88841
2523768 2529310 83834
2510523 2550370 76019
2456544 2602171 78197
2456544 2602171 78197
2539842 2523762 73308
2541689 2499816 95407
2452792 2584928 99192
2452792 2584928 99192
2534632 2507886 94394
3060200 1997868 78844
2972679 2081818 82415
2972679 2081818 82415
1608999 1762752 52857
2533834 2523549 79529
2446897 2607043 82972
2446897 2607043 82972
2528760 2529628 78524
2550312 2517462 69138
2465088 2599352 72472
2465088 2599352 72472
2547534 2521010 68368
2527723 2518539 90650
2444272 2598730 93910
2444272 2598730 93910
2527996 2518828 90088
2524879 2527124 84909
2442474 2606341 88097
2442474 2606341 88097
2527567 2524773 84572
1621375 1755241 47992
2989785 2076940 70187
2989785 2076940 70187
3071329 1998626 66957
3098104 3629157 121955
2997783 3725905 125528
2997783 3725905 125528
3099413 3628612 121191
2531796 2512714 92402
2448463 2593459 94990
2448463 2593459 94990
2481369 2564545 90998
2530906 2518971 87035
2446267 2601308 89337
2446267 2601308 89337
2479275 2572291 85346
3079099 1988257 69556
1606753 1767758 50097
2994303 2071050 71559
3022504 2046850 67558
3096514 3628750 123952
2990924 3731914 126378
2990924 3731914 126378
3108991 3621654 118571
2495495 2548797 92620
2441495 2600610 94807
2441495 2600610 94807
2529137 2517976 89799
2493488 2556656 86768
2439500 2608457 88955
2439500 2608457 88955
2527035 2525720 84157
3040188 2027833 68891
2987352 2078486 71074
1599802 1775194 49612
3068374 2002129 66409
2510371 2555687 70854
2456371 2607488 73053
2456371 2607488 73053
2540538 2527892 68482
2553795 2497723 85394
2465306 2582745 88861
2465306 2582745 88861
2547907 2504616 84389
2557152 2500211 79549
2469441 2584717 82754
2469441 2584717 82754
2550994 2507606 78312
3078021 1996915 61976
2991590 2080271 65051
2991590 2080271 65051
1621135 1761220 42253
2551452 2521280 64180
2465549 2604180 67183
2465549 2604180 67183
2546986 2526870 63056
2541544 2514857 80511
2457420 2596058 83434
2457420 2596058 83434
2540028 2517288 79596
2544737 2517381 74794
2461650 2597608 77654
2461650 2597608 77654
2545550 2517257 74105
2543283 2524143 69486
2461292 2603270 72350
2461292 2603270 72350
2546545 2521271 69096
2176099 2877056 83757
3531640 3216374 101202
3531640 3216374 101202
3629250 3123163 96803
2550678 2504460 81774
2469032 2583511 84369
2469032 2583511 84369
2501808 2554727 80377
2555825 2504656 76431
2472864 2585299 78749
2472864 2585299 78749
2505656 2556497 74759
2556343 2509007 71562
2472064 2591254 73594
2472064 2591254 73594
2504942 2562367 69603
3656857 3092946 99413
2161077 2889976 85859
3554091 3193268 101857
3666744 3088015 94457
2516046 2538866 82000
2462046 2590679 84187
2462046 2590679 84187
2549159 2508250 79503
2519969 2540749 76194
2465981 2592550 78381
2465981 2592550 78381
2552388 2510564 73960
2519286 2546702 70924
2465298 2598503 73111
2465298 2598503 73111
2551666 2516432 68814
3064603 2019426 52883
3011767 2070079 55066
1618753 1766787 39068
3091693 1994373 50846
2567363 2494260 75289
2478629 2579786 78497
2478629 2579786 78497
2561899 2500660 74353
2570432 2496748 69732
2482476 2581758 72678
2482476 2581758 72678
2564707 2503650 68555
2575171 2497348 64393
2487897 2581854 67161
2487897 2581854 67161
2569030 2504848 63034
3094725 1995584 46603
3008675 2078940 49297
3008675 2078940 49297
1632753 1759904 31951
2548417 2517965 70530
2462962 2600770 73180
2462962 2600770 73180
2544033 2523568 69311
2551331 2520489 65092
2466904 2602320 67688
2466904 2602320 67688
2549276 2523537 64099
2555914 2521190 59808
2472574 2601921 62417
2472574 2601921 62417
2556222 2521575 59115
3103322 3651414 94480
3003328 3748070 97818
3003328 3748070 97818
3104231 3651626 93359
1612765 1761976 49867
2989774 2084196 62942
2989774 2084196 62942
3018183 2059812 58917
2533429 2536625 66858
2449880 2617770 69262
2449880 2617770 69262
2483166 2588509 65237
2540119 2534915 61878
2455252 2617664 63996
2455252 2617664 63996
2488538 2588403 59971
3101267 3651814 96135
2996750 3753786 98680
2996750 3753786 98680
3114831 3642790 91595
3036892 2039468 60552
1587863 1786330 50415
2984026 2090131 62755
3066962 2011641 58309
2497101 2573137 66674
2443083 2624936 68893
2443083 2624936 68893
2530174 2542030 64708
2502492 2573114 61306
2448474 2624913 63525
2448474 2624913 63525
2534927 2542468 59517
2508857 2572107 55948
2454839 2623906 58167
2454839 2623906 58167
2541209 2541476 54227
3088538 1994262 54112
3000704 2079142 57066
1604541 1775341 44726
3080874 2002853 53185
2547893 2528536 60483
2459673 2614048 63191
2459673 2614048 63191
2543674 2533918 59320
2552488 2529136 55288
2464950 2614144 57818
2464950 2614144 57818
2547862 2535116 53934
2564228 2522876 49808
2477316 2607380 52216
2477316 2607380 52216
2558497 2530090 48325
3065639 2022040 49233
2980018 2105299 51595
2980018 2105299 51595
1601315 1785396 37897
2529697 2551491 55724
2443931 2634924 58057
2443931 2634924 58057
2527311 2555221 54380
2534145 2552192 50575
2449457 2634525 52930
2449457 2634525 52930
2534113 2553259 49540
3087425 3682952 78839
2986063 3781210 81943
2986063 3781210 81943
3087999 3683832 77385
2496997 2582238 57677
2413421 2663391 60100
2413421 2663391 60100
2447376 2633485 56051
1615875 1769619 39114
2994738 2092336 49838
2994738 2092336 49838
3023297 2067836 45779
2517507 2567100 52305
2432052 2650351 54509
2432052 2650351 54509
2465832 2620631 50449
3084606 3684448 80162
2979490 3786922 82804
2979490 3786922 82804
3098221 3674970 76025
2460643 2618580 57689
2406598 2670387 59927
2406598 2670387 59927
2495270 2585914 55728
3042063 2047620 47229
1591160 1793961 39487
2989176 2098271 49465
3071730 2019665 45517
2479408 2605718 51786
2425360 2657515 54037
2425360 2657515 54037
2512497 2574150 50265
2491847 2598735 46330
2437799 2650532 48581
2437799 2650532 48581
2524254 2567728 44930
2512618 2572774 51520
2423371 2659302 54239
2423371 2659302 54239
2510345 2575928 50639
3093184 2002419 41309
3005861 2087287 43764
1607845 1782977 33786
3086402 2010355 40155
2529733 2561140 46039
2441931 2646650 48331
2441931 2646650 48331
2526613 2565600 44699
2541329 2554880 40703
2454153 2639886 42873
2454153 2639886 42873
2537113 2560574 39225
2515094 2575306 46512
2428614 2659711 48587
2428614 2659711 48587
2512374 2579652 44886
3070675 2029808 36429
2984740 2113697 38475
2984740 2113697 38475
1604282 1793195 27131
2512295 2583410 41207
2426268 2667345 43299
2426268 2667345 43299
2511932 2585159 39821
3065023 3720875 63318
2962302 3820735 66179
2962302 3820735 66179
3065357 3722338 61521
2486570 2607372 42970
2401646 2690127 45139
2401646 2690127 45139
2436009 2659847 41056
2479343 2614943 42626
2393873 2698190 44849
2393873 2698190 44849
2428338 2667807 40767
1620285 1775464 28859
2999694 2098690 38528
2999694 2098690 38528
3028387 2074092 34433
3061449 3723467 64300
2955734 3826443 67039
2955734 3826443 67039
3075201 3713450 60565
2448987 2645231 42694
2394912 2697036 44964
2394912 2697036 44964
2484182 2611728 41002
2441302 2653391 42219
2387239 2705184 44489
2387239 2705184 44489
2475889 2620234 40789
3047154 2053974 35784
1595661 1799806 29141
2994234 2104625 38053
3076474 2025921 34517
2468547 2631555 36810
2414469 2683350 39093
2414469 2683350 39093
2501608 2599626 35678
2500990 2599114 36808
2411479 2686144 39289
2411479 2686144 39289
2498538 2602396 35978
2492752 2607590 36570
2404019 2694104 38789
2404019 2694104 38789
2491724 2609726 35462
3097808 2008796 30308
3010900 2093664 32348
1612327 1788845 23436
3091762 2016173 28977
2518358 2587100 31454
2430918 2672608 33386
2430918 2672608 33386
2515648 2591274 29990
2497343 2607526 32043
2410599 2692433 33880
2410599 2692433 33880
2496129 2610352 30431
2495978 2609372 31562
2409187 2694405 33320
2409187 2694405 33320
2495247 2611845 29820
3075697 2035861 25354
2989498 2120254 27160
2989498 2120254 27160
1608565 1799171 16872
3042432 3759122 47662
2938361 3860584 50271
2938361 3860584 50271
3042535 3761168 45513
2469638 2638891 28383
2383375 2723248 30289
2383375 2723248 30289
2418232 2692509 26171
2468727 2640401 27784
2381918 2725250 29744
2381918 2725250 29744
2416791 2694493 25628
2463016 2645958 27938
2375649 2731311 29952
2375649 2731311 29952
2410608 2700469 25835
2184095 2913819 38998
3544380 3255173 49663
3544380 3255173 49663
3658642 3147081 43493
2430835 2678267 27810
2376730 2730070 30112
2376730 2730070 30112
2466684 2643842 26386
2429466 2680366 27080
2375373 2732157 29382
2375373 2732157 29382
2464621 2646372 25919
2423213 2686512 27187
2369120 2738303 29489
2369120 2738303 29489
2457816 2652894 26202
3057745 2053476 25691
1606958 1798799 18851
3004792 2104127 27993
3086674 2025425 24813
1645740 1761976 16892
1609667 1796514 18427
1609667 1796514 18427
1685415 1722446 16747
1637961 1770033 16614
1601900 1804559 18149
1601900 1804559 18149
1677781 1730322 16505
1625454 1782070 17084
1589393 1816596 18619
1589393 1816596 18619
1665956 1741728 16924
2253384 1155314 15910
2218463 1188700 17445
820629 883372 8303
2287276 1121631 15701
832454 872084 7766
814422 889348 8534
814422 889348 8534
878084 826100 8120
826247 878060 7997
808215 895324 8765
808215 895324 8765
872477 831530 8297
820040 884036 8228
802008 901300 8996
802008 901300 8996
866870 836960 8474
1420474 284839 6991
1403585 300961 7758
1403585 300961 7758
0 0 0
0 0 0
0 0 0
0 0 0
0 0 0
0 0 0
0 0 0
0 0 0
0 0 0
0 0 0
0 0 0
0 0 0
0 0 0
0 0 0
0 0 0
0 0 0
0 0 0
0 0 0
0 0 0
0 0 0
0 0 0
0 0 0
0 0 0
0 0 0
0 0 0
0 0 0
0 0 0
0 0 0
0 0 0
0 0 0
0 0 0
0 0 0
0 0 0
0 0 0
0 0 0
0 0 0
0 0 0
0 0 0
0 0 0
0 0 0
0 0 0
0 0 0
0 0 0
0 0 0
0 0 0
0 0 0
0 0 0
0 0 0
0 0 0
0 0 0
0 0 0
0 0 0
0 0 0
0 0 0
0 0 0
0 0 0
0 0 0
0 0 0
0 0 0
0 0 0
0 0 0
0 0 0
0 0 0
0 0 0
0 0 0
0 0 0
0 0 0
0 0 0
0 0 0
0 0 0
0 0 0
0 0 0
0 0 0
0 0 0
0 0 0
0 0 0
0 0 0
0 0 0
0 0 0
0 0 0
0 0 0
0 0 0
0 0 0
0 0 0
0 0 0
0 0 0
0 0 0
0 0 0
0 0 0
0 0 0
0 0 0
0 0 0
0 0 0
0 0 0
0 0 0
0 0 0
0 0 0
0 0 0
0 0 0
0 0 0
0 0 0
0 0 0
0 0 0
0 0 0
0 0 0
0 0 0
0 0 0
0 0 0
0 0 0
0 0 0
0 0 0
0 0 0
0 0 0
0 0 0
0 0 0
0 0 0
0 0 0
0 0 0
0 0 0
0 0 0
0 0 0
0 0 0
0 0 0
0 0 0
0 0 0
0 0 0
0 0 0
0 0 0
0 0 0
0 0 0
0 0 0
0 0 0
0 0 0
0 0 0
0 0 0
0 0 0
0 0 0
0 0 0
0 0 0
0 0 0
0 0 0
0 0 0
0 0 0
0 0 0
0 0 0
0 0 0
0 0 0
0 0 0
0 0 0
0 0 0
0 0 0
0 0 0
0 0 0
0 0 0
0 0 0
0 0 0
0 0 0
0 0 0
0 0 0
0 0 0
0 0 0
0 0 0
0 0 0
0 0 0
0 0 0
0 0 0
0 0 0
0 0 0
0 0 0
0 0 0
0 0 0
0 0 0
0 0 0
0 0 0
0 0 0
0 0 0
0 0 0
0 0 0
0 0 0
0 0 0
0 0 0
0 0 0
0 0 0
0 0 0
0 0 0
0 0 0
0 0 0
0 0 0
0 0 0
0 0 0
0 0 0
0 0 0
0 0 0
0 0 0
0 0 0
0 0 0
0 0 0
0 0 0
0 0 0
0 0 0
0 0 0
0 0 0
0 0 0
0 0 0
0 0 0
0 0 0
0 0 0
0 0 0
0 0 0
0 0 0
0 0 0
0 0 0
0 0 0
0 0 0
0 0 0
0 0 0
0 0 0
0 0 0
0 0 0
0 0 0
0 0 0
0 0 0
0 0 0
0 0 0
0 0 0
0 0 0
0 0 0
0 0 0
0 0 0
0 0 0
0 0 0
0 0 0
0 0 0
0 0 0
0 0 0
0 0 0
0 0 0
0 0 0
0 0 0
0 0 0
0 0 0
0 0 0
0 0 0
0 0 0
0 0 0
0 0 0
0 0 0
0 0 0
0 0 0
0 0 0
0 0 0
0 0 0
0 0 0
0 0 0
0 0 0
0 0 0
0 0 0
0 0 0
0 0 0
0 0 0
0 0 0
0 0 0
0 0 0
0 0 0
0 0 0
0 0 0
0 0 0
0 0 0
0 0 0
0 0 0
0 0 0
0 0 0
0 0 0
0 0 0
0 0 0
0 0 0
0 0 0
0 0 0
0 0 0
0 0 0
0 0 0
0 0 0
0 0 0
0 0 0
0 0 0
0 0 0
0 0 0
0 0 0
0 0 0
0 0 0
0 0 0
0 0 0
0 0 0
0 0 0
0 0 0
0 0 0
0 0 0
0 0 0
0 0 0
0 0 0
0 0 0
0 0 0
0 0 0
0 0 0
0 0 0
0 0 0
0 0 0
0 0 0
0 0 0
0 0 0
0 0 0
0 0 0
0 0 0
0 0 0
0 0 0
0 0 0
0 0 0
0 0 0
0 0 0
0 0 0
0 0 0
0 0 0
0 0 0
0 0 0
0 0 0
0 0 0
0 0 0
0 0 0
0 0 0
0 0 0
0 0 0
0 0 0
0 0 0
0 0 0
0 0 0
0 0 0
0 0 0
0 0 0
0 0 0
0 0 0
0 0 0
0 0 0
0 0 0
0 0 0
0 0 0
0 0 0
0 0 0
0 0 0
0 0 0
0 0 0
0 0 0
0 0 0
0 0 0
0 0 0
0 0 0
0 0 0
0 0 0
0 0 0
0 0 0
0 0 0
0 0 0
0 0 0
0 0 0
0 0 0
0 0 0
0 0 0
0 0 0
0 0 0
0 0 0
0 0 0
0 0 0
0 0 0
0 0 0
0 0 0
0 0 0
0 0 0
0 0 0
0 0 0
0 0 0
0 0 0
0 0 0
0 0 0
0 0 0
0 0 0
0 0 0
0 0 0
0 0 0
0 0 0
0 0 0
0 0 0
0 0 0
0 0 0
0 0 0
0 0 0
0 0 0
0 0 0
0 0 0
0 0 0
0 0 0
0 0 0
0 0 0
0 0 0
0 0 0
0 0 0
0 0 0
0 0 0
0 0 0
0 0 0
0 0 0
0 0 0
0 0 0
0 0 0
0 0 0
0 0 0
0 0 0
0 0 0
0 0 0
0 0 0
0 0 0
0 0 0
0 0 0
0 0 0
0 0 0
0 0 0
0 0 0
0 0 0
0 0 0
0 0 0
0 0 0
0 0 0
0 0 0
0 0 0
0 0 0
0 0 0
0 0 0
0 0 0
0 0 0
0 0 0
0 0 0
0 0 0
0 0 0
0 0 0
0 0 0
0 0 0
0 0 0
0 0 0
0 0 0
0 0 0
0 0 0
0 0 0
0 0 0
0 0 0
0 0 0
0 0 0
0 0 0
0 0 0
0 0 0
0 0 0
0 0 0
0 0 0
0 0 0
0 0 0
0 0 0
0 0 0
0 0 0
0 0 0
0 0 0
0 0 0
0 0 0
0 0 0
0 0 0
0 0 0
0 0 0
0 0 0
0 0 0
0 0 0
0 0 0
0 0 0
0 0 0
0 0 0
0 0 0
0 0 0
0 0 0
0 0 0
0 0 0
0 0 0
0 0 0
0 0 0
0 0 0
0 0 0
0 0 0
0 0 0
0 0 0
0 0 0
0 0 0
0 0 0
0 0 0
0 0 0
0 0 0
0 0 0
0 0 0
0 0 0
0 0 0
0 0 0
0 0 0
0 0 0
0 0 0
0 0 0
0 0 0
0 0 0
0 0 0
0 0 0
0 0 0
0 0 0
0 0 0
0 0 0
0 0 0
0 0 0
0 0 0
0 0 0
0 0 0
0 0 0
0 0 0
0 0 0
0 0 0
0 0 0
0 0 0
0 0 0
0 0 0
0 0 0
0 0 0
0 0 0
0 0 0
0 0 0
0 0 0
0 0 0
0 0 0
0 0 0
0 0 0
0 0 0
0 0 0
0 0 0
0 0 0
0 0 0
0 0 0
0 0 0
0 0 0
0 0 0
0 0 0
0 0 0
0 0 0
0 0 0
0 0 0
0 0 0
0 0 0
0 0 0
0 0 0
0 0 0
0 0 0
0 0 0
0 0 0
0 0 0
0 0 0
0 0 0
0 0 0
0 0 0
0 0 0
0 0 0
0 0 0
0 0 0
0 0 0
0 0 0
0 0 0
0 0 0
0 0 0
0 0 0
0 0 0
0 0 0
0 0 0
0 0 0
0 0 0
0 0 0
0 0 0
0 0 0
0 0 0
0 0 0
0 0 0
0 0 0
0 0 0
0 0 0
0 0 0
0 0 0
0 0 0
0 0 0
0 0 0
0 0 0
0 0 0
0 0 0
0 0 0
0 0 0
0 0 0
0 0 0
0 0 0
0 0 0
0 0 0
0 0 0
0 0 0
0 0 0
0 0 0
0 0 0
0 0 0
0 0 0
0 0 0
0 0 0
0 0 0
0 0 0
0 0 0
0 0 0
0 0 0
0 0 0
0 0 0
0 0 0
0 0 0
0 0 0
0 0 0
0 0 0
0 0 0
0 0 0
0 0 0
0 0 0
0 0 0
0 0 0
0 0 0
0 0 0
0 0 0
0 0 0
0 0 0
0 0 0
0 0 0
0 0 0
0 0 0
0 0 0
0 0 0
0 0 0
0 0 0
0 0 0
0 0 0
0 0 0
0 0 0
0 0 0
0 0 0
0 0 0
0 0 0
0 0 0
0 0 0
0 0 0
0 0 0
0 0 0
0 0 0
0 0 0
0 0 0
0 0 0
0 0 0
0 0 0
0 0 0
0 0 0
0 0 0
0 0 0
0 0 0
0 0 0
0 0 0
0 0 0
0 0 0
0 0 0
0 0 0
0 0 0
0 0 0
0 0 0
0 0 0
0 0 0
0 0 0
0 0 0
0 0 0
0 0 0
0 0 0
0 0 0
0 0 0
0 0 0
0 0 0
0 0 0
0 0 0
0 0 0
0 0 0
0 0 0
0 0 0
0 0 0
0 0 0
0 0 0
0 0 0
0 0 0
0 0 0
0 0 0
0 0 0
0 0 0
0 0 0
0 0 0
0 0 0
0 0 0
0 0 0
0 0 0
0 0 0
0 0 0
0 0 0
0 0 0
0 0 0
0 0 0
0 0 0
0 0 0
0 0 0
0 0 0
0 0 0
0 0 0
0 0 0
0 0 0
0 0 0
0 0 0
0 0 0
0 0 0
0 0 0
0 0 0
0 0 0
0 0 0
0 0 0
0 0 0
0 0 0
0 0 0
0 0 0
0 0 0
0 0 0
0 0 0
0 0 0
0 0 0
0 0 0
0 0 0
0 0 0
0 0 0
0 0 0
0 0 0
0 0 0
0 0 0
0 0 0
0 0 0
0 0 0
0 0 0
0 0 0
0 0 0
0 0 0
0 0 0
0 0 0
0 0 0
0 0 0
0 0 0
0 0 0
0 0 0
0 0 0
0 0 0
0 0 0
0 0 0
0 0 0
0 0 0
0 0 0
0 0 0
0 0 0
0 0 0
0 0 0
0 0 0
0 0 0
0 0 0
0 0 0
0 0 0
0 0 0
0 0 0
0 0 0
0 0 0
0 0 0
0 0 0
0 0 0
0 0 0
0 0 0
0 0 0
0 0 0
0 0 0
0 0 0
0 0 0
0 0 0
0 0 0
0 0 0
0 0 0
0 0 0
0 0 0
0 0 0
0 0 0
0 0 0
0 0 0
0 0 0
0 0 0
0 0 0
0 0 0
0 0 0
0 0 0
0 0 0
0 0 0
0 0 0
0 0 0
0 0 0
0 0 0
0 0 0
0 0 0
0 0 0
0 0 0
0 0 0
0 0 0
0 0 0
0 0 0
0 0 0
0 0 0
0 0 0
0 0 0
0 0 0
0 0 0
0 0 0
0 0 0
0 0 0
0 0 0
0 0 0
0 0 0
0 0 0
0 0 0
0 0 0
0 0 0
0 0 0
0 0 0
0 0 0
0 0 0
0 0 0
0 0 0
0 0 0
0 0 0
0 0 0
0 0 0
0 0 0
0 0 0
0 0 0
0 0 0
0 0 0
0 0 0
0 0 0
0 0 0
0 0 0
0 0 0
0 0 0
0 0 0
0 0 0
0 0 0
0 0 0
0 0 0
0 0 0
0 0 0
0 0 0
0 0 0
0 0 0
0 0 0
0 0 0
0 0 0
0 0 0
0 0 0
0 0 0
0 0 0
0 0 0
0 0 0
0 0 0
0 0 0
0 0 0
0 0 0
0 0 0
0 0 0
0 0 0
0 0 0
0 0 0
0 0 0
0 0 0
0 0 0
0 0 0
0 0 0
0 0 0
0 0 0
0 0 0
0 0 0
0 0 0
0 0 0
0 0 0
0 0 0
0 0 0
0 0 0
0 0 0
0 0 0
0 0 0
0 0 0
0 0 0
0 0 0
0 0 0
0 0 0
0 0 0
0 0 0
0 0 0
0 0 0
0 0 0
0 0 0
0 0 0
0 0 0
0 0 0
0 0 0
0 0 0
0 0 0
0 0 0
0 0 0
0 0 0
0 0 0
0 0 0
0 0 0
0 0 0
0 0 0
0 0 0
0 0 0
0 0 0
0 0 0
0 0 0
0 0 0
0 0 0
0 0 0
0 0 0
0 0 0
0 0 0
0 0 0
0 0 0
0 0 0
0 0 0
0 0 0
0 0 0
0 0 0
0 0 0
0 0 0
0 0 0
0 0 0
0 0 0
0 0 0
0 0 0
0 0 0
0 0 0
0 0 0
0 0 0
0 0 0
0 0 0
0 0 0
0 0 0
0 0 0
0 0 0
0 0 0
0 0 0
0 0 0
0 0 0
0 0 0
0 0 0
0 0 0
0 0 0
0 0 0
0 0 0
0 0 0
0 0 0
0 0 0
0 0 0
0 0 0
0 0 0
0 0 0
0 0 0
0 0 0
0 0 0
0 0 0
0 0 0
0 0 0
0 0 0
0 0 0
0 0 0
0 0 0
0 0 0
0 0 0
0 0 0
0 0 0
0 0 0
0 0 0
0 0 0
0 0 0
0 0 0
0 0 0
0 0 0
0 0 0
0 0 0
0 0 0
0 0 0
0 0 0
0 0 0
0 0 0
0 0 0
0 0 0
0 0 0
0 0 0
0 0 0
0 0 0
0 0 0
0 0 0
0 0 0
0 0 0
0 0 0
0 0 0
0 0 0
0 0 0
0 0 0
0 0 0
0 0 0
0 0 0
0 0 0
0 0 0
0 0 0
0 0 0
0 0 0
0 0 0
0 0 0
0 0 0
0 0 0
0 0 0
0 0 0
0 0 0
0 0 0
0 0 0
0 0 0
0 0 0
0 0 0
0 0 0
0 0 0
0 0 0
0 0 0
0 0 0
0 0 0
0 0 0
0 0 0
0 0 0
0 0 0
0 0 0
0 0 0
0 0 0
0 0 0
0 0 0
0 0 0
0 0 0
0 0 0
0 0 0
0 0 0
0 0 0
0 0 0
0 0 0
0 0 0
0 0 0
0 0 0
0 0 0
0 0 0
0 0 0
0 0 0
0 0 0
0 0 0
0 0 0
0 0 0
0 0 0
0 0 0
0 0 0
0 0 0
0 0 0
0 0 0
0 0 0
0 0 0
0 0 0
0 0 0
0 0 0
0 0 0
0 0 0
0 0 0
0 0 0
0 0 0
0 0 0
0 0 0
0 0 0
0 0 0
0 0 0
0 0 0
0 0 0
0 0 0
0 0 0
0 0 0
0 0 0
0 0 0
0 0 0
0 0 0
0 0 0
0 0 0
0 0 0
0 0 0
0 0 0
0 0 0
0 0 0
0 0 0
0 0 0
0 0 0
0 0 0
0 0 0
0 0 0
0 0 0
0 0 0
0 0 0
0 0 0
0 0 0
0 0 0
0 0 0
0 0 0
0 0 0
0 0 0
0 0 0
0 0 0
0 0 0
0 0 0
0 0 0
0 0 0
0 0 0
0 0 0
0 0 0
0 0 0
0 0 0
0 0 0
0 0 0
0 0 0
0 0 0
0 0 0
0 0 0
0 0 0
0 0 0
0 0 0
0 0 0
0 0 0
0 0 0
0 0 0
0 0 0
0 0 0
0 0 0
0 0 0
0 0 0
0 0 0
0 0 0
0 0 0
0 0 0
0 0 0
0 0 0
0 0 0
0 0 0
0 0 0
0 0 0
0 0 0
0 0 0
0 0 0
0 0 0
0 0 0
0 0 0
0 0 0
0 0 0
0 0 0
0 0 0
0 0 0
0 0 0
0 0 0
0 0 0
0 0 0
0 0 0
0 0 0
0 0 0
0 0 0
0 0 0
0 0 0
0 0 0
0 0 0
0 0 0
0 0 0
0 0 0
0 0 0
0 0 0
0 0 0
0 0 0
0 0 0
0 0 0
0 0 0
0 0 0
0 0 0
0 0 0
0 0 0
0 0 0
0 0 0
0 0 0
0 0 0
0 0 0
0 0 0
0 0 0
0 0 0
0 0 0
0 0 0
0 0 0
0 0 0
0 0 0
0 0 0
0 0 0
0 0 0
0 0 0
0 0 0
0 0 0
0 0 0
0 0 0
0 0 0
0 0 0
0 0 0
0 0 0
0 0 0
0 0 0
0 0 0
0 0 0
0 0 0
0 0 0
0 0 0
0 0 0
0 0 0
0 0 0
0 0 0
0 0 0
0 0 0
0 0 0
0 0 0
0 0 0
0 0 0
0 0 0
0 0 0
0 0 0
0 0 0
0 0 0
0 0 0
0 0 0
0 0 0
0 0 0
0 0 0
0 0 0
0 0 0
0 0 0
0 0 0
0 0 0
0 0 0
0 0 0
0 0 0
0 0 0
0 0 0
0 0 0
0 0 0
0 0 0
0 0 0
0 0 0
0 0 0
0 0 0
0 0 0
0 0 0
0 0 0
0 0 0
0 0 0
0 0 0
0 0 0
0 0 0
0 0 0
0 0 0
0 0 0
0 0 0
0 0 0
0 0 0
0 0 0
0 0 0
0 0 0
0 0 0
0 0 0
0 0 0
0 0 0
0 0 0
0 0 0
0 0 0
0 0 0
0 0 0
0 0 0
0 0 0
0 0 0
0 0 0
0 0 0
0 0 0
0 0 0
0 0 0
0 0 0
0 0 0
0 0 0
0 0 0
0 0 0
0 0 0
0 0 0
0 0 0
0 0 0
0 0 0
0 0 0
0 0 0
0 0 0
0 0 0
0 0 0
0 0 0
0 0 0
0 0 0
0 0 0
0 0 0
0 0 0
0 0 0
0 0 0
0 0 0
0 0 0
0 0 0
0 0 0
0 0 0
0 0 0
0 0 0
0 0 0
0 0 0
0 0 0
0 0 0
0 0 0
0 0 0
0 0 0
0 0 0
0 0 0
0 0 0
0 0 0
0 0 0
0 0 0
0 0 0
0 0 0
0 0 0
0 0 0
0 0 0
0 0 0
0 0 0
0 0 0
0 0 0
0 0 0
0 0 0
0 0 0
0 0 0
0 0 0
0 0 0
0 0 0
0 0 0
0 0 0
0 0 0
0 0 0
0 0 0
0 0 0
0 0 0
0 0 0
0 0 0
0 0 0
0 0 0
0 0 0
0 0 0
0 0 0
0 0 0
0 0 0
0 0 0
0 0 0
0 0 0
0 0 0
0 0 0
0 0 0
0 0 0
0 0 0
0 0 0
0 0 0
0 0 0
0 0 0
0 0 0
0 0 0
0 0 0
0 0 0
0 0 0
0 0 0
0 0 0
0 0 0
0 0 0
0 0 0
0 0 0
0 0 0
0 0 0
0 0 0
0 0 0
0 0 0
0 0 0
0 0 0
0 0 0
0 0 0
0 0 0
0 0 0
0 0 0
0 0 0
0 0 0
0 0 0
0 0 0
0 0 0
0 0 0
0 0 0
0 0 0
0 0 0
0 0 0
0 0 0
0 0 0
0 0 0
0 0 0
0 0 0
0 0 0
0 0 0
0 0 0
0 0 0
0 0 0
0 0 0
0 0 0
0 0 0
0 0 0
0 0 0
0 0 0
0 0 0
0 0 0
0 0 0
0 0 0
0 0 0
0 0 0
0 0 0
0 0 0
0 0 0
0 0 0
0 0 0
0 0 0
0 0 0
0 0 0
0 0 0
0 0 0
0 0 0
0 0 0
0 0 0
0 0 0
0 0 0
0 0 0
0 0 0
0 0 0
0 0 0
0 0 0
0 0 0
0 0 0
0 0 0
0 0 0
0 0 0
0 0 0
0 0 0
0 0 0
0 0 0
0 0 0
0 0 0
0 0 0
0 0 0
0 0 0
0 0 0
0 0 0
0 0 0
0 0 0
0 0 0
0 0 0
0 0 0
0 0 0
0 0 0
0 0 0
0 0 0
0 0 0
0 0 0
0 0 0
0 0 0
0 0 0
0 0 0
0 0 0
0 0 0
0 0 0
0 0 0
0 0 0
0 0 0
0 0 0
0 0 0
0 0 0
0 0 0
0 0 0
0 0 0
0 0 0
0 0 0
0 0 0
0 0 0
0 0 0
0 0 0
0 0 0
0 0 0
0 0 0
0 0 0
0 0 0
0 0 0
0 0 0
0 0 0
0 0 0
0 0 0
0 0 0
0 0 0
0 0 0
0 0 0
0 0 0
0 0 0
0 0 0
0 0 0
0 0 0
0 0 0
0 0 0
0 0 0
0 0 0
0 0 0
0 0 0
0 0 0
0 0 0
0 0 0
0 0 0
0 0 0
0 0 0
0 0 0
0 0 0
0 0 0
0 0 0
0 0 0
0 0 0
0 0 0
0 0 0
0 0 0
0 0 0
0 0 0
0 0 0
0 0 0
0 0 0
0 0 0
0 0 0
0 0 0
0 0 0
0 0 0
0 0 0
0 0 0
0 0 0
0 0 0
0 0 0
0 0 0
0 0 0
0 0 0
0 0 0
0 0 0
0 0 0
0 0 0
0 0 0
0 0 0
0 0 0
0 0 0
0 0 0
0 0 0
0 0 0
0 0 0
0 0 0
0 0 0
0 0 0
0 0 0
0 0 0
0 0 0
0 0 0
0 0 0
0 0 0
0 0 0
0 0 0
0 0 0
0 0 0
0 0 0
0 0 0
0 0 0
0 0 0
0 0 0
0 0 0
0 0 0
0 0 0
0 0 0
0 0 0
0 0 0
0 0 0
0 0 0
0 0 0
0 0 0
0 0 0
0 0 0
0 0 0
0 0 0
0 0 0
0 0 0
0 0 0
0 0 0
0 0 0
0 0 0
0 0 0
0 0 0
0 0 0
0 0 0
0 0 0
0 0 0
0 0 0
0 0 0
0 0 0
0 0 0
0 0 0
0 0 0
0 0 0
0 0 0
0 0 0
0 0 0
0 0 0
0 0 0
0 0 0
0 0 0
0 0 0
0 0 0
0 0 0
0 0 0
0 0 0
0 0 0
0 0 0
0 0 0
0 0 0
0 0 0
0 0 0
0 0 0
0 0 0
0 0 0
0 0 0
0 0 0
0 0 0
0 0 0
0 0 0
0 0 0
0 0 0
0 0 0
0 0 0
0 0 0
0 0 0
0 0 0
0 0 0
0 0 0
0 0 0
0 0 0
0 0 0
0 0 0
